
let mass = [7449, 7447, 7079, 7077, 7448, 7078, 7076, 7075, 7073, 7074, 7072, 7071, 7000, 6999, 6997, 6996, 6995, 6398, 6397, 6396, 6395, 6394, 6393, 6392, 6391, 6390, 6389, 6388, 6387, 6386, 6385, 6384, 6383, 6382, 6381, 6380, 6379, 6378, 6377, 6376, 6375, 6374, 6373, 6372, 6371, 6370, 6369, 6368, 6367, 6366, 6365, 6364, 6363, 6362, 6361, 6360, 6359, 6358, 6357, 6356, 6355, 6354, 6353, 6352, 6351, 6350, 6349, 6348, 6347, 6346, 6345, 6344, 6343, 6342, 6341, 6340, 6339, 6338, 6337, 6336, 6335, 6334, 6333, 6332, 6331, 6330, 6329, 6328, 6327, 6326, 6325, 6324, 6323, 6322, 6321, 6320, 6319, 6318, 5819, 5818, 5817, 5816, 5815, 5814, 5813, 5812, 5811, 5810, 5809, 5808, 5807, 5806, 5805, 5804, 5803, 5802, 5801, 5800, 5799, 5798, 5797, 5796, 5795, 5794, 5793, 5792, 5791, 5790, 5789, 5788, 5787, 5786, 5785, 5784, 5783, 5782, 5781, 5780, 5779, 5778, 5777, 5776, 5775, 5774, 5773, 5772, 5771, 5744, 5743, 5742, 5360, 5359, 5358, 5357, 5356, 5355, 5354, 5353, 4496, 4495, 4494, 4493, 4492, 4491, 4490, 4489, 4488, 4487, 4486, 4485, 4484, 4483, 4482, 4481, 4480, 4479, 4478, 4477, 4476, 4475, 4474, 4473, 4472, 4471, 4470, 4469, 4468, 4467, 4466, 4465, 4464, 4463, 4462, 4461, 4460, 4399, 4398, 4397, 4396, 4395];
let i = 0;
setInterval(() => {
fetch(`https://researchinspb.ru/api/v1/education_program/${mass[i]}/`, {
    "credentials": "include",
    "headers": {
        "User-Agent": "Mozilla/5.0 (X11; Ubuntu; Linux x86_64; rv:127.0) Gecko/20100101 Firefox/127.0",
        "Accept": "application/json, text/plain, */*",
        "Accept-Language": "ru",
        "Content-Type": "application/json",
        "X-Timezone": "Europe/Moscow",
        "Sec-Fetch-Dest": "empty",
        "Sec-Fetch-Mode": "cors",
        "Sec-Fetch-Site": "same-origin",
        "Priority": "u=1"
    },
    "referrer": `https://researchinspb.ru/admin/educational-programs/programs/${mass[i]}/edit/portal/`,
    "body": "{\"isPublished\":false}",
    "method": "PATCH",
    "mode": "cors"
});
.then(res => console.log(res));
i++

}, 1000)